NO NAME FREQUENCY STN M-Y/ M-Y A G AL GL
2 SA 0.00011407 9354 174/1274 0.0914 16.54 0.0914 198.90
3 SSA 0.00022816 9354 174/1274 0.0382 123.30 0.0382 283.01
4 MSM 0.00130978 9354 174/1274 0.0407 168.76 0.0407 349.95
5 MM 0.00151215 9354 174/1274 0.0315 117.82 0.0315 350.20
6 MSF 0.00282193 9354 174/1274 0.0186 138.15 0.0186 191.72
7 MF 0.00305009 9354 174/1274 0.0262 115.91 0.0262 329.20
8 ALP1 0.03439657 9354 174/1274 0.0032 160.86 0.0033 203.34
9 _2Q1 0.03570635 9354 174/1274 0.0084 133.22 0.0086 358.20
10 SIG1 0.03590872 9354 174/1274 0.0105 123.60 0.0105 37.27
11 Q1 0.03721850 9354 174/1274 0.0539 126.53 0.0541 222.56
12 RHO1 0.03742087 9354 174/1274 0.0124 148.52 0.0125 292.04
13 O1 0.03873065 9354 174/1274 0.3125 132.46 0.3070 99.73
14 TAU1 0.03895881 9354 174/1274 0.0030 229.33 0.0030 171.87
15 BET1 0.04004043 9354 174/1274 0.0029 117.84 0.0028 88.70
16 NO1 0.04026859 9354 174/1274 0.0262 154.05 0.0267 226.70
17 CHI1 0.04047097 9354 174/1274 0.0028 93.06 0.0028 247.61
18 PI1 0.04143851 9354 174/1274 0.0062 133.11 0.0062 320.46
19 P1 0.04155259 9354 174/1274 0.1606 135.84 0.1609 145.26
20 S1 0.04166667 9354 174/1274 0.0238 116.11 0.0166 273.39
21 K1 0.04178075 9354 174/1274 0.5144 139.48 0.5096 120.39
22 PSI1 0.04189482 9354 174/1274 0.0075 175.58 0.0074 346.72
23 PHI1 0.04200891 9354 174/1274 0.0090 105.67 0.0089 255.08
24 THE1 0.04309053 9354 174/1274 0.0048 176.54 0.0048 333.98
25 J1 0.04329290 9354 174/1274 0.0275 150.20 0.0289 355.49
26 SO1 0.04460268 9354 174/1274 0.0064 185.04 0.0063 217.89
27 OO1 0.04483084 9354 174/1274 0.0157 162.83 0.0150 318.98
28 UPS1 0.04634299 9354 174/1274 0.0015 194.40 0.0015 227.66
29 OQ2 0.07597494 9354 174/1274 0.0030 338.90 0.0035 312.55
30 EPS2 0.07617731 9354 174/1274 0.0097 12.07 0.0103 33.82
31 _2N2 0.07748710 9354 174/1274 0.0437 349.99 0.0484 194.63
32 MU2 0.07768947 9354 174/1274 0.0400 8.27 0.0409 259.93
33 N2 0.07899925 9354 174/1274 0.3952 14.90 0.3982 86.62
34 NU2 0.07920162 9354 174/1274 0.0766 16.49 0.0774 139.56
35 H1 0.08039733 9354 174/1274 0.0120 33.31 0.0125 335.21
36 M2 0.08051140 9354 174/1274 1.9565 35.79 1.9731 340.04
37 H2 0.08062547 9354 174/1274 0.0214 351.10 0.0215 118.67
38 MKS2 0.08073957 9354 174/1274 0.0053 262.78 0.0051 348.69
39 LDA2 0.08182118 9354 174/1274 0.0135 26.07 0.0136 331.20
40 L2 0.08202355 9354 174/1274 0.0507 40.58 0.0514 23.73
41 T2 0.08321926 9354 174/1274 0.0366 48.08 0.0366 225.73
42 S2 0.08333334 9354 174/1274 0.6445 59.26 0.6443 59.38
43 R2 0.08344740 9354 174/1274 0.0051 210.47 0.0064 208.40
44 K2 0.08356149 9354 174/1274 0.1738 50.65 0.1658 192.44
45 MSN2 0.08484548 9354 174/1274 0.0069 178.56 0.0070 51.21
46 ETA2 0.08507364 9354 174/1274 0.0088 67.48 0.0095 67.39
47 MO3 0.11924206 9354 174/1274 0.0065 50.39 0.0064 321.91
48 M3 0.12076710 9354 174/1274 0.0208 344.65 0.0210 81.16
49 SO3 0.12206399 9354 174/1274 0.0017 198.58 0.0017 165.97
50 MK3 0.12229215 9354 174/1274 0.0035 11.60 0.0035 296.76
51 SK3 0.12511408 9354 174/1274 0.0176 139.42 0.0174 120.46
52 MN4 0.15951066 9354 174/1274 0.0031 220.93 0.0031 236.90
53 M4 0.16102280 9354 174/1274 0.0060 249.00 0.0061 137.49
54 SN4 0.16233259 9354 174/1274 0.0012 262.95 0.0012 334.79
55 MS4 0.16384473 9354 174/1274 0.0023 267.54 0.0023 211.90
56 MK4 0.16407290 9354 174/1274 0.0018 210.31 0.0018 296.34
57 S4 0.16666667 9354 174/1274 0.0021 247.44 0.0021 247.69
58 SK4 0.16689484 9354 174/1274 0.0019 246.98 0.0018 28.89
59 _2MK5 0.20280355 9354 174/1274 0.0043 231.99 0.0044 101.39
60 _2SK5 0.20844743 9354 174/1274 0.0004 167.91 0.0004 149.07
61 _2MN6 0.24002205 9354 174/1274 0.0019 152.24 0.0020 112.45
62 M6 0.24153420 9354 174/1274 0.0032 173.70 0.0033 6.44
63 _2MS6 0.24435614 9354 174/1274 0.0027 199.91 0.0027 88.53
64 _2MK6 0.24458429 9354 174/1274 0.0011 185.3 0.0011 215.61
65 _2SM6 0.24717808 9354 174/1274 0.0004 181.56 0.0004 126.05
66 MSK6 0.24740623 9354 174/1274 0.0005 213.46 0.0004 299.61
67 _3MK7 0.28331494 9354 174/1274 0.0018 294.07 0.0018 107.73
68 M8 0.32204559 9354 174/1274 0.0027 224.73 0.0028 1.71